00
00
00
00
00
00
00
00
00
00
00
00
00
00
00
00
00
00
00
00
00
00
00
00
00
00
00
00
00
00
00
00
00
00
00
00
00
00
00
00
00
00
00
00
00
00
00
00
00
00
00
00
00
00
00
00
00
00
00
00
00
00
00
00
00
00
00
00
00
00
00
00
00
00
00
00
00
00
00
00
00
00
00
00
00
00
00
00
00
00
00
00
00
00
00
00
00
00
00
00
00
00
00
00
00
00
00
00
00
00
00
00
00
00
00
00
00
00
00
08
0f
0f
0f
0f
0f
09
05
01
00
00
00
00
00
00
00
00
00
00
00
00
00
00
00
00
00
00
00
08
0f
0f
0f
0f
0f
0f
0f
07
01
00
00
00
00
00
00
00
00
00
00
00
00
00
00
00
00
00
00
02
0d
0c
0c
09
0b
0f
0f
0f
07
00
00
00
00
00
00
00
00
00
00
00
00
00
00
00
00
00
00
00
00
00
00
00
00
03
0e
0f
0f
0a
00
00
00
00
00
00
00
00
00
00
00
00
00
00
00
00
00
00
00
00
00
00
00
00
01
0c
0f
0f
09
00
00
00
00
00
00
00
00
00
00
00
00
00
00
00
00
00
00
00
00
00
00
00
04
0e
0f
0f
0c
00
00
00
00
00
00
00
00
00
00
00
00
00
00
00
00
00
00
00
00
00
02
07
0e
0f
0f
0f
08
00
00
00
00
00
00
00
00
00
00
00
00
00
00
00
00
00
00
00
00
07
0d
0f
0f
0f
0f
0e
02
00
00
00
00
00
00
00
00
00
00
00
00
00
00
00
00
00
00
02
0b
0f
0f
0f
0f
0f
0d
04
00
00
00
00
00
00
00
00
00
00
00
00
00
00
00
00
00
00
00
05
0f
0f
0f
0f
0f
0f
06
00
00
00
00
00
00
00
00
00
00
00
00
00
00
00
00
00
00
00
00
05
0f
0f
0f
0f
0f
0f
0f
0e
07
00
00
00
00
00
00
00
00
00
00
00
00
00
00
00
00
00
00
00
0c
0f
0f
0f
0f
0f
0f
0f
0f
0b
03
00
00
00
00
00
00
00
00
00
00
00
00
00
00
00
00
00
01
07
09
09
08
0b
0f
0f
0f
0f
08
00
00
00
00
00
00
00
00
00
00
00
00
00
00
00
00
00
00
00
00
00
00
00
01
04
0c
0f
0b
01
00
00
00
00
00
00
00
00
00
00
00
00
05
05
00
00
00
00
00
00
00
00
01
04
0d
0f
0f
0c
00
00
00
00
00
00
00
00
00
00
00
00
0c
0d
04
00
00
00
00
00
03
07
0d
0f
0f
0f
0f
0c
00
00
00
00
00
00
00
00
00
00
00
00
0c
0f
0f
0e
0e
0e
0e
0e
0e
0f
0f
0f
0f
0f
0e
04
00
00
00
00
00
00
00
00
00
00
00
00
02
0e
0f
0f
0f
0f
0f
0f
0f
0f
0f
0f
0f
0d
04
00
00
00
00
00
00
00
00
00
00
00
00
00
00
07
0d
0f
0f
0f
0f
0f
0f
0f
0f
0a
04
01
00
00
00
00
00
00
00
00
00
00
00
00
00
00
00
00
03
06
09
0f
0a
08
05
05
02
00
00
00
00
00
00
00
00
00
00
00
00
00
00
00
00
00
00
00
00
00
00
00
00
00
00
00
00
00
00
00
00
00
00
00
00
00
00
00
00
00
00
00
00
00
00
00
00
00
00
00
00
00
00
00
00
00
00
00
00
00
00
00
00
00
00
00
00
00
00
00
00
00
00
00
00
00
00
00
00
00
00
00
00
00
00
00
00
00
00
00
00
00
00
00
00
00
00
00
00
00
00
00
00
00
00
00
00
00
00
00
00
00
00
00
00
00
00
00
00
00
00
00
