00
00
00
00
00
00
00
00
00
00
00
00
00
00
00
00
00
00
00
00
00
00
00
00
00
00
00
00
00
00
00
00
00
00
00
00
00
00
00
00
00
00
00
00
00
00
00
00
00
00
00
00
00
00
00
00
00
00
00
00
00
00
00
00
00
00
00
00
00
00
00
00
00
00
00
00
00
00
00
00
00
00
00
00
00
00
00
00
00
00
00
00
00
00
00
00
00
00
00
00
00
0e
21
79
7f
7f
62
00
00
00
00
00
00
00
00
00
00
00
00
00
00
00
00
00
00
00
00
00
3b
5a
7e
7e
7e
7e
62
00
00
00
00
00
00
00
00
00
00
00
00
00
00
00
00
00
03
05
28
63
7b
7e
7e
7e
7e
7e
77
31
00
00
00
00
00
00
00
00
00
00
00
00
00
00
00
0d
5a
7e
7e
7e
7e
7e
7e
7e
7e
7e
62
00
00
00
00
00
00
00
00
00
00
00
00
00
00
00
3a
59
7e
7e
7e
7e
7e
7e
7e
7e
7e
7e
2d
00
00
00
00
00
00
00
00
00
00
00
00
00
09
3e
7a
7e
7e
7e
7e
7e
7e
7e
78
1d
17
17
01
00
00
00
00
00
00
00
00
00
00
00
00
05
7e
7e
7e
7e
7e
7e
7e
7e
58
54
1c
00
00
00
00
00
00
00
00
00
00
00
00
00
00
00
00
05
7e
7e
7e
7e
7e
7e
62
33
05
00
00
00
00
00
00
00
00
00
00
00
00
00
00
00
00
04
40
6d
7e
7e
7e
7e
76
65
0b
00
00
00
00
0d
08
00
00
00
00
00
00
00
00
00
00
00
00
21
7e
7e
7e
7e
7e
6e
20
05
2f
2f
2f
2f
2f
79
5b
2f
25
00
00
00
00
00
00
00
00
00
00
21
7e
7e
7e
7e
78
1f
30
55
7e
7e
7e
7e
7e
7e
7e
7e
74
29
00
00
00
00
00
00
00
00
00
75
7e
7e
7e
7e
7d
71
79
7e
7e
7e
7e
7e
7e
7e
7e
7e
7e
78
1d
00
00
00
00
00
00
00
00
7f
7e
7e
7e
7e
7e
7e
7e
7e
7e
7e
7e
7e
7e
7e
7e
7e
7e
7e
20
00
00
00
00
00
00
00
00
7f
7e
7e
7e
7e
7e
7e
7e
7e
7e
7e
7e
7e
7e
7e
7e
7e
7e
7e
20
00
00
00
00
00
00
00
00
7f
7e
7e
7e
7e
7e
7e
7e
7b
66
2b
0c
20
5f
7e
7e
7e
7e
73
1a
00
00
00
00
00
00
00
00
55
7e
7e
7e
7e
7e
7e
7e
76
39
39
43
7e
7e
7e
7e
7e
7e
41
00
00
00
00
00
00
00
00
00
21
7e
7e
7e
7e
7e
7e
7e
7e
7e
7e
7e
7e
7e
7e
7e
7e
6a
13
00
00
00
00
00
00
00
00
00
1a
71
7e
7e
7e
7e
7e
7e
7e
7e
7e
7e
7e
7e
7e
71
1f
03
00
00
00
00
00
00
00
00
00
00
00
22
71
7e
7e
7e
7e
7e
7e
7e
7e
7e
7e
7e
45
24
00
00
00
00
00
00
00
00
00
00
00
00
00
00
1d
7e
7e
7e
7e
7e
7e
7e
7e
70
20
20
02
00
00
00
00
00
00
00
00
00
00
00
00
00
00
00
00
00
00
00
00
00
00
00
00
00
00
00
00
00
00
00
00
00
00
00
00
00
00
00
00
00
00
00
00
00
00
00
00
00
00
00
00
00
00
00
00
00
00
00
00
00
00
00
00
00
00
00
00
00
00
00
00
00
00
00
00
00
00
00
00
00
00
00
00
00
00
00
00
00
00
00
00
00
00
00
00
00
00
00
00
00
00
00
00
00
00
00
00
00
00
00
00
00
00
00
00
00
00
00
00
00
00
00
00
00
00
00
00
00
00
00
00
00
00
00
00
00
00
00
00
00
00
00
00
00
00
00
00
