00
00
00
00
00
00
00
00
00
00
00
00
00
00
00
00
00
00
00
00
00
00
00
00
00
00
00
00
00
00
00
00
00
00
00
00
00
00
00
00
00
00
00
00
00
00
00
00
00
00
00
00
00
00
00
00
00
00
00
00
00
00
00
00
00
00
00
00
00
00
00
00
00
00
00
00
00
00
00
00
00
00
00
00
00
00
00
00
00
00
00
00
00
00
00
00
00
00
00
00
00
00
00
00
00
00
00
00
00
00
00
00
00
00
00
00
00
00
00
00
00
00
00
00
00
00
00
00
00
00
00
00
00
00
00
00
00
00
00
00
00
00
00
00
00
00
00
00
00
00
00
00
00
00
00
00
00
00
00
00
00
00
00
00
00
00
00
00
00
00
00
00
00
00
00
00
00
00
00
00
00
00
00
00
00
00
00
00
00
00
00
00
00
00
00
00
00
00
00
00
00
00
00
00
00
00
06
12
15
0f
11
0e
0b
08
02
00
00
00
00
00
00
00
00
00
00
00
00
00
00
00
00
00
00
02
11
15
15
15
15
15
15
15
12
03
00
00
00
00
00
00
00
00
00
00
00
00
00
00
00
00
00
07
15
15
0b
05
05
04
05
09
13
0d
00
00
00
00
00
00
00
00
00
00
00
00
00
00
00
00
00
0e
15
10
00
00
00
00
00
00
12
10
00
00
00
00
00
00
00
00
00
00
00
00
00
00
00
00
05
15
13
02
00
00
00
00
00
06
15
0a
00
00
00
00
00
00
00
00
00
00
00
00
00
00
00
00
0c
14
07
00
00
00
00
00
00
0a
15
0a
00
00
00
00
00
00
00
00
00
00
00
00
00
00
00
00
11
11
00
00
00
00
00
00
00
10
15
04
00
00
00
00
00
00
00
00
00
00
00
00
00
00
00
00
06
08
00
00
00
00
00
00
06
15
10
00
00
00
00
00
00
00
00
00
00
00
00
00
00
00
00
00
00
00
00
00
00
00
00
00
0b
15
0b
00
00
00
00
00
00
00
00
00
00
00
00
00
00
00
00
00
00
00
00
00
00
00
00
06
15
14
03
00
00
00
00
00
00
00
00
00
00
00
00
00
00
00
00
00
00
00
00
00
00
00
00
0f
15
0c
00
00
00
00
00
00
00
00
00
00
00
00
00
00
00
00
00
00
00
00
00
00
00
00
08
15
15
09
00
00
00
00
00
00
00
00
00
00
00
00
00
00
00
00
00
00
00
00
00
00
00
00
0d
15
13
01
00
00
00
00
00
00
00
00
00
00
00
00
00
00
00
00
00
00
00
00
00
00
00
03
14
15
0c
00
00
00
00
00
00
00
00
00
00
00
00
00
00
00
00
00
00
00
00
00
00
00
00
08
15
15
06
00
00
00
00
00
00
00
00
00
00
00
00
00
00
00
00
00
00
00
00
00
00
00
00
11
15
10
00
00
00
00
00
00
00
00
00
00
00
00
00
00
00
00
00
00
00
00
00
00
00
00
03
15
15
0d
00
00
00
00
00
00
00
00
00
00
00
00
00
00
00
00
00
00
00
00
00
00
00
00
06
15
15
09
00
00
00
00
00
00
00
00
00
00
00
00
00
00
00
00
00
00
00
00
00
00
00
00
06
15
15
02
00
00
00
00
00
00
00
00
00
00
00
00
00
00
00
00
00
00
00
00
00
00
00
00
04
13
0e
00
00
00
00
00
00
00
00
00
00
00
00
00
00
00
00
00
00
00
00
00
00
00
00
00
00
00
00
00
00
00
00
00
00
00
00
00
00
00
00
00
