2
3
4
5
6
8
9
a
b
d
e
10
12
14
15
17
18
19
1a
1b
1d
0
1
3
4
5
6
8
9
a
c
d
f
11
12
13
14
16
17
18
19
1a
1b
0
1
2
3
4
5
6
7
8
9
a
b
c
d
e
f
10
11
12
13
14
15
0
1
2
3
4
5
6
7
9
b
c
d
e
f
10
11
12
14
16
18
19
1a
0
1
2
4
5
6
7
8
a
b
c
d
e
f
11
12
13
14
16
17
18
19
0
1
2
3
4
5
6
7
8
9
a
b
c
d
e
f
10
11
12
13
14
15
0
1
2
3
5
6
7
8
9
a
c
d
e
f
10
11
12
14
16
17
18
19
0
1
3
4
5
6
8
9
a
b
d
e
10
12
14
15
16
18
19
1a
1b
1c
0
1
2
3
4
5
6
7
8
9
a
b
c
d
e
f
10
11
12
13
14
15
0
2
3
4
5
6
8
9
b
c
d
e
f
10
12
14
15
17
18
19
1a
1b
0
1
3
4
5
7
8
9
a
b
c
d
e
f
10
12
13
14
15
17
18
19
0
1
2
3
4
5
6
7
8
9
a
b
c
d
e
f
10
11
12
13
14
15
0
