3
5
6
7
8
c
d
f
10
13
14
17
1a
1d
1e
21
22
24
26
28
2c
0
1
4
5
6
8
b
c
e
11
13
17
1a
1c
1e
1f
22
23
24
25
27
29
0
1
3
4
5
6
8
9
a
b
c
d
e
f
10
11
13
14
15
16
17
18
0
1
2
3
5
7
8
9
c
f
10
12
13
14
15
16
18
1c
20
24
25
26
0
1
2
5
6
8
a
b
f
10
12
13
14
15
18
1a
1c
1e
21
23
24
25
0
1
2
3
4
5
6
7
8
a
b
c
d
e
f
10
11
13
14
15
16
17
0
1
3
4
7
8
9
a
c
d
10
11
12
13
14
15
16
1a
1e
1f
21
22
0
1
4
5
7
8
b
c
d
f
12
14
17
1a
1d
1e
1f
23
24
25
27
28
0
1
2
3
4
5
7
8
9
a
b
c
d
e
f
10
11
13
15
16
17
18
0
3
5
6
7
9
c
d
11
12
13
15
16
18
1c
20
22
25
27
28
29
2a
0
1
4
5
6
9
a
b
d
e
f
10
11
12
13
17
19
1a
1b
1f
21
22
0
1
3
4
5
7
9
a
b
c
d
e
f
10
12
14
15
16
17
18
19
1a
0
