00
00
00
00
00
00
00
00
00
00
00
00
00
00
00
00
00
00
00
00
00
00
00
00
00
00
00
00
00
00
00
00
00
00
00
00
00
00
00
00
00
00
00
00
00
00
00
00
00
00
00
00
00
00
00
00
00
00
00
00
00
00
00
00
00
00
00
00
00
00
00
00
00
00
00
00
00
00
00
00
00
00
00
00
00
00
00
00
00
00
00
00
00
00
00
00
00
00
00
00
00
00
00
00
00
00
00
00
00
00
00
00
00
00
00
00
00
00
00
00
00
00
00
00
00
00
00
00
00
00
00
00
00
00
00
00
00
00
00
00
00
00
00
00
00
00
00
00
00
00
00
00
00
00
00
00
00
00
00
00
00
00
00
00
00
00
00
00
00
00
00
00
00
00
00
00
00
00
00
00
00
00
00
00
00
00
00
00
00
00
00
00
00
00
00
00
00
00
00
00
00
00
00
00
00
00
22
6e
7f
57
63
56
45
2d
0a
00
00
00
00
00
00
00
00
00
00
00
00
00
00
00
00
00
00
0a
69
7f
7f
7f
7f
7c
7f
7f
6d
11
00
00
00
00
00
00
00
00
00
00
00
00
00
00
00
00
00
2a
7f
7f
40
20
21
16
20
33
74
4e
00
00
00
00
00
00
00
00
00
00
00
00
00
00
00
00
03
57
7f
60
02
00
00
00
00
02
69
61
00
00
00
00
00
00
00
00
00
00
00
00
00
00
00
00
1b
7f
71
0e
00
00
00
00
00
24
7f
3d
00
00
00
00
00
00
00
00
00
00
00
00
00
00
00
00
45
7a
27
00
00
00
00
00
00
3a
7f
3d
00
00
00
00
00
00
00
00
00
00
00
00
00
00
00
00
66
66
00
00
00
00
00
00
00
5d
7f
19
00
00
00
00
00
00
00
00
00
00
00
00
00
00
00
00
24
31
00
00
00
00
00
00
23
7c
61
02
00
00
00
00
00
00
00
00
00
00
00
00
00
00
00
00
00
00
00
00
00
00
00
00
41
7f
41
00
00
00
00
00
00
00
00
00
00
00
00
00
00
00
00
00
00
00
00
00
00
00
00
23
7e
79
12
00
00
00
00
00
00
00
00
00
00
00
00
00
00
00
00
00
00
00
00
00
00
00
03
5a
7f
45
00
00
00
00
00
00
00
00
00
00
00
00
00
00
00
00
00
00
00
00
00
00
00
00
2d
7f
7f
36
00
00
00
00
00
00
00
00
00
00
00
00
00
00
00
00
00
00
00
00
00
00
00
00
4b
7f
71
07
00
00
00
00
00
00
00
00
00
00
00
00
00
00
00
00
00
00
00
00
00
00
00
13
76
7f
49
00
00
00
00
00
00
00
00
00
00
00
00
00
00
00
00
00
00
00
00
00
00
00
00
30
7f
7d
23
00
00
00
00
00
00
00
00
00
00
00
00
00
00
00
00
00
00
00
00
00
00
00
00
67
7f
61
00
00
00
00
00
00
00
00
00
00
00
00
00
00
00
00
00
00
00
00
00
00
00
00
14
7d
7f
4d
00
00
00
00
00
00
00
00
00
00
00
00
00
00
00
00
00
00
00
00
00
00
00
00
25
7f
7f
36
00
00
00
00
00
00
00
00
00
00
00
00
00
00
00
00
00
00
00
00
00
00
00
00
25
7f
7c
0e
00
00
00
00
00
00
00
00
00
00
00
00
00
00
00
00
00
00
00
00
00
00
00
00
19
70
53
00
00
00
00
00
00
00
00
00
00
00
00
00
00
00
00
00
00
00
00
00
00
00
00
00
00
00
00
00
00
00
00
00
00
00
00
00
00
00
00
00
