3
5
6
7
9
d
f
10
12
15
16
19
1c
1f
20
23
24
27
29
2c
30
0
1
4
5
6
8
b
d
f
12
14
18
1b
1d
1f
20
23
24
25
27
28
2a
0
1
3
4
5
7
9
a
b
d
e
f
10
12
14
15
17
18
19
1a
1b
1c
0
1
2
3
5
7
8
9
c
f
11
12
13
14
15
16
18
1c
20
24
25
26
0
1
2
5
7
9
a
b
f
10
12
13
14
16
19
1b
1e
22
26
28
2a
2c
0
1
2
3
4
5
6
7
8
a
b
c
d
e
10
11
12
14
15
16
17
18
0
1
3
5
9
a
c
d
f
11
15
16
17
19
1a
1b
1c
20
24
25
28
29
0
1
5
6
8
9
c
d
e
11
15
18
1c
20
23
24
25
28
2a
2b
2d
2e
0
1
2
4
6
7
9
a
b
c
d
e
f
10
11
12
13
15
17
18
19
1a
0
3
5
6
7
9
c
d
11
12
13
15
16
18
1c
20
23
27
2a
2b
2c
2d
0
2
6
7
8
b
c
d
f
10
11
13
14
16
17
1b
1d
1e
1f
22
24
25
0
1
2
3
4
6
8
9
a
b
c
d
e
f
11
13
14
15
16
17
19
1b
0
