00
00
00
00
00
00
00
00
00
00
00
00
00
00
00
00
00
00
00
00
00
00
00
00
00
00
00
00
00
00
00
00
00
00
00
00
00
00
00
00
00
00
00
00
00
00
00
00
00
00
00
00
00
00
00
00
00
00
00
00
00
00
00
00
00
00
00
00
00
00
00
00
00
00
00
00
00
00
00
00
00
00
00
00
00
00
00
00
00
00
00
00
00
00
00
00
00
00
00
00
00
00
00
00
00
00
00
00
00
00
00
00
00
00
00
00
00
00
00
42
7e
7e
7e
7e
7e
4e
29
05
00
00
00
00
00
00
00
00
00
00
00
00
00
00
00
00
00
00
00
42
7e
7e
7e
7e
7e
7e
7e
3d
06
00
00
00
00
00
00
00
00
00
00
00
00
00
00
00
00
00
00
10
6d
68
66
4c
5b
7e
7e
7e
3f
02
00
00
00
00
00
00
00
00
00
00
00
00
00
00
00
00
00
00
03
03
03
00
02
1d
75
7e
7e
57
04
00
00
00
00
00
00
00
00
00
00
00
00
00
00
00
00
00
00
00
00
00
00
00
06
65
7e
7e
4f
00
00
00
00
00
00
00
00
00
00
00
00
00
00
00
00
00
00
00
00
00
00
00
20
76
7e
7e
62
00
00
00
00
00
00
00
00
00
00
00
00
00
00
00
00
00
00
00
00
00
15
3d
7a
7e
7e
7e
48
00
00
00
00
00
00
00
00
00
00
00
00
00
00
00
00
00
00
00
01
38
71
7e
7e
7e
7e
77
11
00
00
00
00
00
00
00
00
00
00
00
00
00
00
00
00
00
00
0d
5a
7e
7e
7e
7e
7e
6f
20
00
00
00
00
00
00
00
00
00
00
00
00
00
00
00
00
00
00
00
2c
7e
7e
7e
7e
7e
7e
35
00
00
00
00
00
00
00
00
00
00
00
00
00
00
00
00
00
00
00
00
27
7d
7e
7e
7e
7f
7e
7e
7a
3c
04
00
00
00
00
00
00
00
00
00
00
00
00
00
00
00
00
00
00
65
7e
7e
7e
7e
7e
7e
7e
7e
60
16
00
00
00
00
00
00
00
00
00
00
00
00
00
00
00
00
00
0a
37
4c
4c
45
5e
7e
7e
7e
7e
41
00
00
00
00
00
00
00
00
00
00
00
00
00
00
00
00
00
00
00
00
00
00
03
05
22
67
7e
5f
09
00
00
00
00
00
00
00
00
00
00
00
00
2d
27
00
00
00
00
00
00
00
00
0b
20
6f
7e
7e
68
00
00
00
00
00
00
00
00
00
00
00
00
68
6b
23
00
00
00
00
00
19
3b
6d
7e
7e
7e
7e
68
00
00
00
00
00
00
00
00
00
00
00
00
66
7e
7c
73
73
73
73
73
7a
7e
7e
7e
7e
7e
79
1e
00
00
00
00
00
00
00
00
00
00
00
00
13
7b
7e
7e
7e
7e
7e
7e
7e
7e
7e
7e
7e
6d
1e
00
00
00
00
00
00
00
00
00
00
00
00
00
00
3c
71
7e
7e
7e
7e
7e
7e
7e
7e
54
21
07
00
00
00
00
00
00
00
00
00
00
00
00
00
00
00
00
17
2f
49
7e
55
47
28
28
10
01
00
00
00
00
00
00
00
00
00
00
00
00
00
00
00
00
00
00
00
00
00
00
00
00
00
00
00
00
00
00
00
00
00
00
00
00
00
00
00
00
00
00
00
00
00
00
00
00
00
00
00
00
00
00
00
00
00
00
00
00
00
00
00
00
00
00
00
00
00
00
00
00
00
00
00
00
00
00
00
00
00
00
00
00
00
00
00
00
00
00
00
00
00
00
00
00
00
00
00
00
00
00
00
00
00
00
00
00
00
00
00
00
00
00
00
00
00
00
00
00
00
00
