3
5
6
7
9
d
f
11
13
16
17
1a
1d
20
21
24
25
27
29
2b
2f
0
1
4
5
6
8
b
c
e
11
13
17
1a
1c
1e
1f
22
23
24
26
27
29
0
1
3
4
5
7
9
a
b
d
e
f
10
12
14
15
17
18
19
1a
1b
1c
0
1
2
3
5
7
8
9
c
f
12
14
15
17
18
19
1b
1f
23
27
28
29
0
1
2
5
7
9
a
b
f
10
12
13
14
16
19
1a
1d
21
25
27
29
2b
0
1
2
3
4
5
6
7
8
a
b
c
d
e
10
11
12
14
15
16
17
18
0
1
3
5
9
a
c
d
f
11
15
16
17
18
19
1a
1b
1f
23
24
27
28
0
1
5
6
8
9
c
d
e
11
15
18
1a
1e
21
23
24
27
29
2a
2c
2d
0
1
2
4
6
7
9
a
b
d
e
f
10
11
12
13
14
16
18
19
1a
1b
0
3
4
5
6
8
b
c
10
11
12
14
15
17
1b
1f
21
23
25
26
27
28
0
2
6
7
8
b
c
d
f
10
11
13
14
16
17
1b
1d
1e
1f
22
23
24
0
1
2
3
4
6
8
9
a
b
c
d
e
f
11
12
13
14
15
16
18
1a
0
