1
4
5
9
a
d
e
10
11
12
13
14
16
17
1a
1c
1f
20
23
25
26
0
1
2
3
5
6
7
8
b
c
d
e
f
11
12
13
16
18
19
1a
1b
1c
0
1
3
5
6
7
9
a
b
d
e
f
10
12
13
14
15
16
17
18
19
1a
0
1
2
5
9
a
c
e
f
11
14
15
16
19
1a
1b
1c
1d
21
25
27
28
0
1
2
3
5
6
7
b
c
d
f
10
11
14
15
16
17
19
1b
1e
21
22
0
1
2
4
5
6
7
9
a
b
c
d
e
f
10
11
12
13
14
15
16
17
0
1
2
3
6
8
a
b
d
e
11
12
15
16
18
1a
1c
1d
1e
1f
22
26
0
1
2
3
7
9
b
c
10
11
12
13
14
15
16
19
1a
1b
1c
1d
21
22
0
1
2
3
5
7
9
a
c
d
f
10
11
12
13
15
16
17
18
19
1b
1c
0
1
2
4
5
7
9
d
10
11
14
16
17
18
1a
1c
1e
20
22
26
2a
2b
0
3
4
7
9
a
b
d
10
12
13
15
16
17
18
19
1c
1d
1f
20
22
23
0
1
2
3
4
5
6
7
8
9
a
b
c
d
e
f
11
13
14
15
17
18
0
